1.5400611328e+04 3.8809615374e-01
1.5401271484e+04 3.8417625427e-01
1.5402980469e+04 3.7263351679e-01
1.5403490234e+04 2.6738232374e-01
1.5406790039e+04 3.6172151566e-01
1.5407299805e+04 5.6739205122e-01
1.5409159180e+04 5.6931781769e-01
1.5419446289e+04 5.7261937857e-01
1.5422355469e+04 5.7456922531e-01
1.5425625000e+04 3.8436704874e-01
1.5426284180e+04 3.7958943844e-01
1.5426974609e+04 3.1772941351e-01
1.5427484375e+04 5.0786626339e-01
1.5428383789e+04 5.0760221481e-01
1.5429313477e+04 2.4098539352e-01
1.5429463867e+04 3.5183060169e-01
1.5429673828e+04 2.4150967598e-01
1.5434291992e+04 3.7348484993e-01
1.5434832031e+04 3.6997014284e-01
1.5457595703e+04 3.9969164133e-01
1.5458225586e+04 3.9425480366e-01
1.5463804688e+04 3.3279269934e-01
1.5469772461e+04 3.6859846115e-01
1.5470222656e+04 3.6829054356e-01
1.5490346680e+04 2.3621368408e-01
1.5496345703e+04 3.8473230600e-01
1.5496915039e+04 3.8202601671e-01
1.5505342773e+04 5.1782894135e-01
1.5505762695e+04 5.2066111565e-01
1.5506123047e+04 2.0594966412e-01
1.5506212891e+04 2.0317035913e-01
1.5513470703e+04 3.6139672995e-01
1.5513800781e+04 3.5312831402e-01
1.5535455078e+04 5.2900570631e-01
1.5536714844e+04 5.3214609623e-01
1.5541632812e+04 3.6101263762e-01
1.5542142578e+04 3.8121616840e-01
1.5543762695e+04 5.8621984720e-01
1.5556119141e+04 2.5831353664e-01
1.5558008789e+04 5.7186555862e-01
1.5560257812e+04 5.7003247738e-01
1.5565836914e+04 3.4497421980e-01
1.5565986328e+04 3.4880030155e-01
1.5568775391e+04 5.7246398926e-01
1.5572075195e+04 5.7254111767e-01
1.5593189453e+04 3.2278233767e-01
1.5593579102e+04 3.2437437773e-01
1.5602846680e+04 4.2886132002e-01
1.5621651367e+04 3.9348155260e-01
1.5626689453e+04 5.3340888023e-01
1.5627410156e+04 5.3684222698e-01
1.5631938477e+04 3.4505319595e-01
1.5650563477e+04 2.4621790648e-01
1.5650803711e+04 2.5405561924e-01
1.5651913086e+04 5.4392784834e-01
1.5653472656e+04 5.4830884933e-01
1.5662020508e+04 2.6645582914e-01
1.5679475586e+04 2.8192049265e-01
1.5692761719e+04 2.4548172951e-01
1.5698160156e+04 2.3149794340e-01
1.5698340820e+04 2.3283636570e-01
1.5698970703e+04 4.2562377453e-01
