9.832153804289497202e+03 1.677151799201965332e+00
9.896197447753113011e+03 7.492819428443908691e-01
9.896505364300994188e+03 6.783018112182617188e-01
9.897796014506231586e+03 7.163635492324829102e-01
9.898380856001056600e+03 5.098547935485839844e-01
9.901240081085250495e+03 6.745386123657226562e-01
9.902255805799819427e+03 5.967792868614196777e-01
9.903177555983413185e+03 7.114102840423583984e-01
9.903608439203630041e+03 7.599498629570007324e-01
9.905023055807851051e+03 6.047087311744689941e-01
9.906101763451189981e+03 1.121838331222534180e+00
9.906378688397562655e+03 7.400773763656616211e-01
9.907824296600962043e+03 8.471430540084838867e-01
9.909270904532717395e+03 5.640998482704162598e-01
9.910009704298563520e+03 5.718330144882202148e-01
9.912011161850054123e+03 5.949645638465881348e-01
9.912657986542983053e+03 9.218127727508544922e-01
9.913088869761844762e+03 6.037944555282592773e-01
9.913735694454540862e+03 6.385784745216369629e-01
9.914073602872002084e+03 5.497420430183410645e-01
9.914813402365714865e+03 1.078065395355224609e+00
9.915337260385480477e+03 6.664761900901794434e-01
9.916753876442289766e+03 6.839643716812133789e-01
9.917123776188840566e+03 8.215756416320800781e-01
9.918479408773113391e+03 8.836883306503295898e-01
9.920635824320737811e+03 8.209954500198364258e-01
9.921345631941550891e+03 3.281022310256958008e-01
9.921530581814547986e+03 4.701411724090576172e-01
9.922176406776397926e+03 4.528423845767974854e-01
9.923070164540709811e+03 6.642855405807495117e-01
9.923380080543933218e+03 8.753049373626708984e-01
9.923687997089038618e+03 6.601532697677612305e-01
9.924643738053524430e+03 9.763013124465942383e-01
9.925722445689852975e+03 5.895985364913940430e-01
9.926185320236185362e+03 5.546014308929443359e-01
9.926710177983022731e+03 3.434588313102722168e-01
9.927357002672806630e+03 1.446705341339111328e+00
9.928868592982866176e+03 5.962513089179992676e-01
9.929824333945714898e+03 3.587599098682403564e-01
9.932508606418216004e+03 2.892318964004516602e-01
9.932785531362169422e+03 3.562173545360565186e-01
9.933279397507645626e+03 7.727895379066467285e-01
9.933681288581436092e+03 5.847306847572326660e-01
9.934052188054958606e+03 7.832399010658264160e-01
9.934607037671599755e+03 8.872752189636230469e-01
9.938897874703554407e+03 6.347993016242980957e-01
9.939669665520401395e+03 5.969435572624206543e-01
9.941398197025298941e+03 4.764031469821929932e-01
9.941831079698147732e+03 5.862725973129272461e-01
9.943097736387167970e+03 5.846757888793945312e-01
9.944425376546836560e+03 6.317424774169921875e-01
9.944888251090322228e+03 6.893312931060791016e-01
9.945414108562963520e+03 5.807972550392150879e-01
9.948163363408948499e+03 5.102475881576538086e-01
9.949090112223746473e+03 8.780598044395446777e-01
9.950357768638785274e+03 5.638982057571411133e-01
9.953913804809710200e+03 5.416830182075500488e-01
9.954593620551782806e+03 5.826378464698791504e-01
9.956666058835140575e+03 6.272184252738952637e-01
9.956911992176919739e+03 6.950771808624267578e-01
9.958273623117645911e+03 5.303302407264709473e-01
9.960131119656949522e+03 6.349943280220031738e-01
9.961058868197149422e+03 6.391267180442810059e-01
9.962389507536105157e+03 3.632154166698455811e-01
9.968085963542629543e+03 5.736099481582641602e-01
9.969850485276447216e+03 8.212459683418273926e-01
9.970315359274141883e+03 4.645587503910064697e-01
9.971059157670300920e+03 5.985574126243591309e-01
9.971739973137599009e+03 4.495085477828979492e-01
9.972575746603853986e+03 3.441648185253143311e-01
9.972979637130527408e+03 5.016368627548217773e-01
9.975489956714674918e+03 6.668436527252197266e-01
9.976356721779697182e+03 4.610036909580230713e-01
9.978743074962056198e+03 4.962806701660156250e-01
9.979889764152923817e+03 5.842967033386230469e-01
9.983332830910034318e+03 7.600743770599365234e-01
9.983610755578412864e+03 1.026439666748046875e+00
9.986093082741283069e+03 5.988509058952331543e-01
9.989940040015921113e+03 4.487398266792297363e-01
9.990125989613794445e+03 4.982647001743316650e-01
9.995838441233334379e+03 6.276861429214477539e-01
9.996459272954039989e+03 4.537988305091857910e-01
9.996955138547298702e+03 2.835254073143005371e-01
9.999906338608761871e+03 2.881455123424530029e-01
1.000071411965490734e+04 5.044461488723754883e-01
1.000307547959304793e+04 1.114294528961181641e+00
1.000419417636243816e+04 4.214562177658081055e-01
1.000565478045484269e+04 3.231604695320129395e-01
1.000736431707136217e+04 4.653498828411102295e-01
1.000770522466553666e+04 5.934499502182006836e-01
1.000907385368693940e+04 4.627042412757873535e-01
1.000969668486302544e+04 8.052323460578918457e-01
1.001090935615735907e+04 4.964008629322052002e-01
1.001174912852908528e+04 9.686597585678100586e-01
1.001206004425237006e+04 4.409936666488647461e-01
1.001420646244409363e+04 4.444313049316406250e-01
1.001949602864757253e+04 3.003511726856231689e-01
1.001999389369518030e+04 4.847528934478759766e-01
1.002151948016586721e+04 5.480976104736328125e-01
1.002189337881584288e+04 5.829602479934692383e-01
1.002678205367370720e+04 4.584071934223175049e-01
1.002699999459766150e+04 6.198692321777343750e-01
1.003033309111168091e+04 4.170495867729187012e-01
1.003447896730457978e+04 1.539260506629943848e+00
1.003666037599610900e+04 4.568411111831665039e-01
1.003722222369734845e+04 5.255336761474609375e-01
1.003887477574329023e+04 2.917264103889465332e-01
1.004121314188545693e+04 4.495118260383605957e-01
1.004483316060831203e+04 3.565135300159454346e-01
1.004807828095119294e+04 6.395799517631530762e-01
1.004882707797376497e+04 1.390575170516967773e+00
1.004991978177273995e+04 3.648107945919036865e-01
1.005032567174737778e+04 4.746733903884887695e-01
1.005363577446962518e+04 5.846161842346191406e-01
1.005391569858974071e+04 5.379781723022460938e-01
1.005475946986593772e+04 5.173098444938659668e-01
1.005622807176674178e+04 4.794644713401794434e-01
1.005635303789169302e+04 7.511987686157226562e-01
1.005772766526583473e+04 1.437116622924804688e+00
1.005888335198865207e+04 3.228549659252166748e-01
1.005947819074287872e+04 8.385701775550842285e-01
1.005991407258624167e+04 1.237318396568298340e+00
1.006269731811674501e+04 9.424235820770263672e-01
1.006319718261549860e+04 3.735662698745727539e-01
1.006504168261521409e+04 3.858210742473602295e-01
1.006650928478224523e+04 4.421302676200866699e-01
1.006916856391150213e+04 6.259732842445373535e-01
1.007126499561445962e+04 6.261768937110900879e-01
1.007217274954167988e+04 3.010962903499603271e-01
1.007245467311814355e+04 4.414082467555999756e-01
1.007977768799444857e+04 5.950228571891784668e-01
1.008616895543515602e+04 3.647856116294860840e-01
1.008901918278491939e+04 5.670553445816040039e-01
1.008948905540985106e+04 4.870822727680206299e-01
1.008964701259013782e+04 5.052835941314697266e-01
1.009190240118874681e+04 4.571577310562133789e-01
1.009318905239654850e+04 5.559836626052856445e-01
1.009394184832441715e+04 4.375785291194915771e-01
1.009663711767426321e+04 3.423011302947998047e-01
1.009685805778036229e+04 3.310326337814331055e-01
1.010520479508060453e+04 3.857116997241973877e-01
1.010806202051626860e+04 3.068192005157470703e-01
1.010878382484215945e+04 3.590723574161529541e-01
1.011060533104888054e+04 4.356170296669006348e-01
1.011088825435092804e+04 4.823104143142700195e-01
1.011222789118714718e+04 3.818020522594451904e-01
1.011519208761753544e+04 4.753533005714416504e-01
1.011635477242236811e+04 5.196366906166076660e-01
1.011692061902542628e+04 4.146477878093719482e-01
1.011754944855415488e+04 5.052705407142639160e-01
1.011877511628387401e+04 6.234952211380004883e-01
1.012087954578609970e+04 5.058132410049438477e-01
1.012383674410566528e+04 3.615856170654296875e-01
1.012402569288258383e+04 4.608538150787353516e-01
1.012732879742544537e+04 6.171057224273681641e-01
1.013259237048690557e+04 3.914190232753753662e-01
1.013359109973349587e+04 4.546156227588653564e-01
1.013494373303694374e+04 4.554129242897033691e-01
1.013639334005036108e+04 5.257228016853332520e-01
1.013667526362117133e+04 4.476059675216674805e-01
1.013821884515736383e+04 4.889833927154541016e-01
1.014001435839413898e+04 4.922327399253845215e-01
1.014555985500498900e+04 5.254365801811218262e-01
1.014631664983648807e+04 6.643167734146118164e-01
1.014682051323807900e+04 5.756836533546447754e-01
1.014726139371440331e+04 5.524921417236328125e-01
1.015334774368531180e+04 3.912695348262786865e-01
1.015400956426293124e+04 3.802387416362762451e-01
1.015517724769864617e+04 4.182476103305816650e-01
1.015609199970492955e+04 4.286010861396789551e-01
1.015729067473791110e+04 5.651039481163024902e-01
1.015811045249165363e+04 5.515615344047546387e-01
1.016098267381503319e+04 4.361032545566558838e-01
1.016199339980048535e+04 6.311063766479492188e-01
1.016518153547361180e+04 5.270913839340209961e-01
1.016745591886975308e+04 5.560336112976074219e-01
1.016941338818261283e+04 6.074712276458740234e-01
1.017074002851809200e+04 6.132120490074157715e-01
1.017102495127281327e+04 3.937367200851440430e-01
1.017769414318416784e+04 4.065054357051849365e-01
1.017848492879290097e+04 4.676647484302520752e-01
1.017987555177821378e+04 5.759634375572204590e-01
1.018287973730522390e+04 5.511387586593627930e-01
1.018487319685141119e+04 6.070947647094726562e-01
1.018655074204530683e+04 3.998594880104064941e-01
1.018905106417120987e+04 5.376631021499633789e-01
1.019190029170140951e+04 5.182417035102844238e-01
1.019338788838988148e+04 4.250127375125885010e-01
1.019509842463499808e+04 5.880838632583618164e-01
1.019779069471391267e+04 5.557718276977539062e-01
1.020067391302101350e+04 5.761550068855285645e-01
1.020225848341410347e+04 3.625873625278472900e-01
1.020507871879322556e+04 4.332496225833892822e-01
1.021118106431996421e+04 4.791336953639984131e-01
1.021427722488189465e+04 5.041020512580871582e-01
1.021630767438025396e+04 5.869191884994506836e-01
1.021910091706576895e+04 5.632829070091247559e-01
1.022027559858098721e+04 5.354435443878173828e-01
1.022151326301954941e+04 4.020407497882843018e-01
1.022691279906639647e+04 4.138152897357940674e-01
1.022786654048164564e+04 5.253402590751647949e-01
1.023180747198704557e+04 3.958385884761810303e-01
1.023244229986736354e+04 6.001026630401611328e-01
1.023771986896534509e+04 5.468204617500305176e-01
1.024513285907466343e+04 4.014874994754791260e-01
1.024704234135235129e+04 3.341387808322906494e-01
1.025108624491589762e+04 3.102327287197113037e-01
1.025232790825877964e+04 5.157808661460876465e-01
1.025857221520803796e+04 3.935463428497314453e-01
1.025914505988916244e+04 6.350219249725341797e-01
1.026016578313399077e+04 3.684969842433929443e-01
1.026246116077254919e+04 4.523734748363494873e-01
1.026284405695513851e+04 5.843634009361267090e-01
1.027391205598960732e+04 6.078492403030395508e-01
1.028048827290390727e+04 4.897872805595397949e-01
1.028208583973521127e+04 4.633129239082336426e-01
1.028262869254442558e+04 5.041045546531677246e-01
1.029029761316031909e+04 4.785897731781005859e-01
1.029314284168840641e+04 2.633942365646362305e-01
1.029774759312409697e+04 7.211475372314453125e-01
1.030005196829745364e+04 3.489258289337158203e-01
1.030149157794942766e+04 4.805814921855926514e-01
1.030837471158951666e+04 4.921770989894866943e-01
1.031564673976583981e+04 4.067948162555694580e-01
1.031721631417084973e+04 4.329057335853576660e-01
1.032231293220201769e+04 3.407401144504547119e-01
1.032317869744547716e+04 4.527081251144409180e-01
1.032734756703273342e+04 1.572968006134033203e+00
1.033463359137353837e+04 3.101212978363037109e-01
1.033607919938443229e+04 4.283421933650970459e-01
1.033665604296813945e+04 5.872049331665039062e-01
1.033877546826619800e+04 4.250053167343139648e-01
1.033980418931841814e+04 3.357543349266052246e-01
1.034089589329186492e+04 9.361144900321960449e-01
1.034381910063297801e+04 3.056115865707397461e+00
1.035523300560701682e+04 4.131192266941070557e-01
1.035645467433371959e+04 3.124291002750396729e-01
1.036826947055709024e+04 5.421261191368103027e-01
1.037129664968111865e+04 2.222386449575424194e-01
1.037783987535465894e+04 4.452818036079406738e-01
1.037896756955658566e+04 4.430088102817535400e-01
1.038012925454081233e+04 4.924947619438171387e-01
1.038161185250204653e+04 5.288768410682678223e-01
1.038519188169646623e+04 3.035839498043060303e-01
1.038812808547590794e+04 4.048301577568054199e-01
1.039135621009131137e+04 3.777131736278533936e-01
1.039235693871877083e+04 3.268543779850006104e-01
1.039464931708208860e+04 4.136050045490264893e-01
1.039577901073637622e+04 1.187332034111022949e+00
1.039681273041617533e+04 2.850578069686889648e+00
1.042312959380585016e+04 3.885802924633026123e-01
1.042375042544626922e+04 3.678543865680694580e-01
1.042549795154463936e+04 5.147740840911865234e-01
1.042611578399797691e+04 4.599078297615051270e-01
1.042728046815324524e+04 3.782828748226165771e-01
1.042825120490382142e+04 3.705901205539703369e-01
1.043051958975042544e+04 3.113599419593811035e-01
1.043531728867856691e+04 3.487976789474487305e-01
1.044543654445027096e+04 4.389330148696899414e-01
1.046004758205039798e+04 6.544061899185180664e-01
1.046567005726283242e+04 3.502441346645355225e-01
1.046658081027027038e+04 3.768688440322875977e-01
1.046762152803150639e+04 4.010356068611145020e-01
1.046966897277126736e+04 6.955835223197937012e-01
1.047009185808602160e+04 2.777701914310455322e-01
1.047097061976829900e+04 2.734666764736175537e-01
1.047142649613580943e+04 3.336256146430969238e-01
1.047243422284273220e+04 3.944226205348968506e-01
1.047741387236951232e+04 2.838130891323089600e-01
1.048128682202679192e+04 3.957397639751434326e-01
1.048623747940399335e+04 8.589110374450683594e-01
1.049611280118733703e+04 2.815774440765380859e+00
1.050504837780903472e+04 2.899278402328491211e-01
1.050997904057627966e+04 3.676718771457672119e-01
1.051141465122662885e+04 3.264818191528320312e-01
1.051347309295897139e+04 2.639949023723602295e-01
1.051419089828352480e+04 3.998289704322814941e-01
1.051866768413456703e+04 1.883126348257064819e-01
1.051928751602954253e+04 3.371944725513458252e-01
1.051951645393910985e+04 3.490897119045257568e-01
1.053220301318479142e+04 4.572974741458892822e-01
1.054654312391331223e+04 3.229434490203857422e-01
1.055296638180295668e+04 4.265194833278656006e-01
1.055640944797293560e+04 3.075188994407653809e-01
1.055849888127428312e+04 2.585698068141937256e-01
1.055942662964885312e+04 2.220295369625091553e-01
1.056395440161577972e+04 4.532186388969421387e-01
1.056595685850288282e+04 2.925291657447814941e-01
1.056759741354537437e+04 4.402541816234588623e-01
1.056969884358654599e+04 2.448923587799072266e-01
1.057560924053702183e+04 2.037455141544342041e-01
1.058464778903516708e+04 2.710489511489868164e+00
1.058514165508452970e+04 6.706886887550354004e-01
1.059047020982350477e+04 2.661452889442443848e-01
1.060343969208581439e+04 4.360452294349670410e-01
1.060413150444294115e+04 3.383588790893554688e-01
1.060584503967376986e+04 4.824289381504058838e-01
1.060772353016220222e+04 1.367646455764770508e+00
1.061583233076424767e+04 5.129325985908508301e-01
1.061748088361534974e+04 3.606872558593750000e-01
1.062206763951258654e+04 2.821868062019348145e-01
1.063682663627280454e+04 3.385715782642364502e-01
1.064766969515754317e+04 4.523837268352508545e-01
1.065349311557648616e+04 2.709293067455291748e-01
1.066080913112182679e+04 4.839207828044891357e-01
1.066163690658848827e+04 2.637173652648925781e+00
1.066720239694960037e+04 2.494374066591262817e-01
1.066753330718996403e+04 4.680795073509216309e-01
1.066988766856692928e+04 4.491996467113494873e-01
1.067210806628034152e+04 6.354967355728149414e-01
1.067704872611344945e+04 1.730887413024902344e+00
1.068189341197350950e+04 2.526440322399139404e-01
1.068554342189000272e+04 3.366979360580444336e-01
1.070514610450420514e+04 2.973423600196838379e-01
1.070803931968773577e+04 2.937572002410888672e-01
1.071113248063136052e+04 2.458892762660980225e-01
1.071765671084881615e+04 2.105792462825775146e-01
1.072385203027735952e+04 2.492264211177825928e-01
1.072638334361853958e+04 2.533535718917846680e+00
1.073288158086119620e+04 1.784973740577697754e+00
1.073364937258391001e+04 2.677836418151855469e-01
1.073681751316731243e+04 3.256677687168121338e-01
1.074642790615497142e+04 3.624328970909118652e-01
1.074936510937478306e+04 5.656630992889404297e-01
1.075935439954614776e+04 2.385064214468002319e-01
1.077487418938923838e+04 1.685137033462524414e+00
1.078123646343488872e+04 2.194456160068511963e-01
1.078307696414289785e+04 4.703699350357055664e-01
1.078434961889594524e+04 2.832469344139099121e-01
1.078683094575812538e+04 3.864189684391021729e-01
1.079296228243380756e+04 3.218792974948883057e-01
1.080134800751788316e+04 3.694910407066345215e-01
1.081105037539509067e+04 1.011268019676208496e+00
1.081558514516445030e+04 1.892898678779602051e-01
1.081598803586460599e+04 1.719278842210769653e-01
1.081689578960078870e+04 3.106332719326019287e-01
1.082069375925024542e+04 3.697879016399383545e-01
1.082166749508502653e+04 3.929265439510345459e-01
1.082704803539159911e+04 7.073709964752197266e-01
1.083488690876089458e+04 5.694959163665771484e-01
1.084448430503436066e+04 3.262794911861419678e-01
1.085452858004707014e+04 2.769886553287506104e-01
1.086957649753657097e+04 6.895090341567993164e-01
1.088173919774629576e+04 3.811244964599609375e-01
1.089631724261476120e+04 4.561271667480468750e-01
1.090569769760005875e+04 6.258168816566467285e-01
1.091484921467767526e+04 1.171579718589782715e+00
1.091861319345662196e+04 2.881320714950561523e-01
1.095724571170364288e+04 6.328332424163818359e-01
1.096538450344488956e+04 6.926147937774658203e-01
1.097332434914971600e+04 2.596825957298278809e-01
1.101553689548740840e+04 6.098009347915649414e-01
1.101982173284517921e+04 3.784735202789306641e-01
1.168998584057699918e+04 2.436877727508544922e+00
1.169020478113783247e+04 2.798110723495483398e+00
1.176963921522301644e+04 1.751807570457458496e+00
1.177282135126867797e+04 2.966310501098632812e+00
1.178054025556729539e+04 9.992161393165588379e-01
1.178328451049258547e+04 1.938668131828308105e+00
1.179720173189630623e+04 9.150999188423156738e-01
1.182817332281777453e+04 2.619444370269775391e+00
1.188282648352182514e+04 2.662569284439086914e+00
1.188408114285304509e+04 2.412063360214233398e+00
1.189287175599164038e+04 1.720335721969604492e+00
1.193862233338249280e+04 2.587582468986511230e-01
1.194953037147585019e+04 1.854874730110168457e+00
1.195591763710377927e+04 6.913214325904846191e-01
1.196115521490759238e+04 1.539559960365295410e-01
1.196461027672767523e+04 2.455465793609619141e-01
1.197126546958494873e+04 3.446147441864013672e-01
1.197304998501847149e+04 2.742415189743041992e+00
1.197383177273201909e+04 1.904919147491455078e+00
1.197721685354666988e+04 1.984419971704483032e-01
1.198190658009412255e+04 2.333952039480209351e-01
1.198723013452646956e+04 2.914173007011413574e-01
1.198909262878015761e+04 2.237104624509811401e-01
1.199154996150895386e+04 5.994927883148193359e-01
1.199222077935295420e+04 3.102524280548095703e-01
1.201018989993027390e+04 3.570611178874969482e-01
1.201589934954607088e+04 2.970954477787017822e-01
1.202015419415169163e+04 2.762279510498046875e-01
1.202575767253351660e+04 3.636158406734466553e-01
1.203151210991663174e+04 9.905346632003784180e-01
1.204130744997916918e+04 2.054488509893417358e-01
1.205268536027080154e+04 2.611865401268005371e-01
1.206189785856987874e+04 1.347300261259078979e-01
1.208365095134571857e+04 1.457294702529907227e+00
1.210366751561442652e+04 3.717232942581176758e-01
1.215253824389833426e+04 2.204563468694686890e-01
1.219015902701741106e+04 2.638968825340270996e-01
1.220262464160783748e+04 1.737067848443984985e-01
1.221601300556795832e+04 2.224924266338348389e-01
1.221847933575344723e+04 2.115100473165512085e-01
1.222178143895514586e+04 3.293290734291076660e-01
1.222713598474231185e+04 2.707290351390838623e-01
1.227071614885125928e+04 4.037030637264251709e-01
1.229306108008830597e+04 2.075339406728744507e-01
1.235646286004447211e+04 1.616824567317962646e-01
1.238840218500693481e+04 2.209351062774658203e-01
1.239251906680860338e+04 2.263459265232086182e-01
1.239883435149014804e+04 2.501167953014373779e-01
1.240168557705577405e+04 1.995546072721481323e-01
1.240345709588478712e+04 2.165695279836654663e-01
1.240704212213649589e+04 2.355008721351623535e-01
1.243223527922739777e+04 1.809701204299926758e+00
1.252211686494432251e+04 2.286929368972778320e+00
1.253040561342882029e+04 1.917714029550552368e-01
1.253285694755816985e+04 5.751533508300781250e-01
1.255698039470954245e+04 5.505126714706420898e-01
1.260027563383796223e+04 9.590688943862915039e-01
1.263873118738707672e+04 4.794508516788482666e-01
1.267112338786622786e+04 9.443720579147338867e-01
1.267911821600170515e+04 1.234550714492797852e+00
1.273837511804170208e+04 1.052404403686523438e+00
1.274490534398219643e+04 4.797912836074829102e-01
1.280474908599489572e+04 2.236231267452239990e-01
1.280713643740241787e+04 2.687098085880279541e-01
1.281147325917821581e+04 9.016030430793762207e-01
1.281605001576565519e+04 1.083007931709289551e+00
1.282166549015010423e+04 2.232596874237060547e+00
1.282385589505825919e+04 8.032592535018920898e-01
1.282489161367272754e+04 3.017680048942565918e-01
1.282696405062958002e+04 3.336088359355926514e-01
1.283142783789818350e+04 2.051572799682617188e+00
1.284075730323920834e+04 2.709549963474273682e-01
1.284702260105577625e+04 2.107332944869995117e+00
1.287974870978900617e+04 1.016557335853576660e+00
1.288527120938058579e+04 1.660816818475723267e-01
1.289977926766347809e+04 2.101399183273315430e+00
1.290910873291006646e+04 7.436243891716003418e-01
1.291007147133973376e+04 6.232318878173828125e-01
1.291990080076136474e+04 6.624857783317565918e-01
1.293700915247626835e+04 5.062907338142395020e-01
1.297592957776101503e+04 8.780103325843811035e-01
1.301189480578098664e+04 1.002676725387573242e+00
1.303353792511910979e+04 9.969590306282043457e-01
1.518308058675419306e+04 1.435807704925537109e+00
1.518666461205877931e+04 5.173556804656982422e-01
1.519416757158390283e+04 1.036803722381591797e+00
1.519813349302573624e+04 6.267923712730407715e-01
1.520181649140908485e+04 5.734490752220153809e-01
1.520753093732395610e+04 6.277707815170288086e-01
1.521537480412260265e+04 4.057627022266387939e-01
1.521636753414146733e+04 5.301679968833923340e-01
1.521882586557752984e+04 5.064582824707031250e-01
1.521953467281133635e+04 4.978114962577819824e-01
1.522071735117172830e+04 4.746519029140472412e-01
1.522478424514380276e+04 4.655922055244445801e-01
1.522606089794643776e+04 3.069266080856323242e-01
1.522657975683798941e+04 4.829821884632110596e-01
1.523798365543688124e+04 6.478008031845092773e-01
1.523978416576953714e+04 4.203505516052246094e-01
1.524049297300202670e+04 5.822200775146484375e-01
1.524158267664567938e+04 4.644051194190979004e-01
1.524357213559116099e+04 7.524738311767578125e-01
1.524859177044653370e+04 6.899405121803283691e-01
1.525835211600738330e+04 9.362262487411499023e-01
1.525934784520680660e+04 7.350957989692687988e-01
1.528359025216475493e+04 1.908688902854919434e+00
1.528881283180864375e+04 6.584197878837585449e-01
1.529446629426502477e+04 9.484441876411437988e-01
1.530107149787763228e+04 4.298636019229888916e-01
1.530687092063167984e+04 4.428847730159759521e-01
1.531567052743199747e+04 7.244616150856018066e-01
1.531771597113853568e+04 8.282945156097412109e-01
1.532171288410852321e+04 7.163608074188232422e-01
1.532418921062775007e+04 7.374039888381958008e-01
1.532656956324827115e+04 6.914508342742919922e-01
1.532795018776251163e+04 1.453913092613220215e+00
1.532852203223903598e+04 1.600529551506042480e+00
1.533485630951554413e+04 1.866817593574523926e+00
1.536184197022863736e+04 5.145249366760253906e-01
1.537200920503069210e+04 1.005004048347473145e+00
1.537253506201234813e+04 1.312379121780395508e+00
1.537497139939661974e+04 9.313879013061523438e-01
1.537563921776858297e+04 8.936247825622558594e-01
1.538108573646544573e+04 5.497843623161315918e-01
1.538271029462985825e+04 1.098834872245788574e+00
1.538333112578062719e+04 1.160735249519348145e+00
1.538705911186885351e+04 1.171596169471740723e+00
1.538768094274749637e+04 9.360827207565307617e-01
1.539112200686952565e+04 1.944012522697448730e+00
1.539202975998464353e+04 4.473907351493835449e-01
1.539700440701070511e+04 6.830992698669433594e-01
1.540063941838130813e+04 1.238803386688232422e+00
1.540126224898731925e+04 1.252810120582580566e+00
1.540642884380448049e+04 8.643403053283691406e-01
1.540681273939451785e+04 1.390869498252868652e+00
1.540729160915395005e+04 2.361118078231811523e+00
1.542237450697385793e+04 2.277075052261352539e+00
1.542563262084385315e+04 1.196960091590881348e+00
1.542630243866911769e+04 1.117183566093444824e+00
1.542750111265781379e+04 1.790861487388610840e+00
1.542841286468249564e+04 1.828141808509826660e+00
1.543430826127020373e+04 1.227886199951171875e+00
1.543483611770524840e+04 1.183220386505126953e+00
1.543996772202424472e+04 5.288165211677551270e-01
1.545431481992432964e+04 5.112304091453552246e-01
1.545762591937450998e+04 1.200613737106323242e+00
1.545820476194133698e+04 1.274250149726867676e+00
1.546079705689053844e+04 3.835073113441467285e-01
1.546156484806705339e+04 7.439358830451965332e-01
1.546973362632347016e+04 1.038928270339965820e+00
1.547021349580843525e+04 1.151245236396789551e+00
1.548790868305296499e+04 5.605587959289550781e-01
1.549026704162214810e+04 4.388518333435058594e-01
1.549637737971868592e+04 1.131584882736206055e+00
1.549695522255553442e+04 1.135162472724914551e+00
1.550533494341474761e+04 1.700842380523681641e+00
1.550576782567801638e+04 1.761443257331848145e+00
1.551347772871074994e+04 1.157412052154541016e+00
1.551381363734899060e+04 1.020216822624206543e+00
1.553546774775863742e+04 1.858787059783935547e+00
1.553672240650924687e+04 1.850087285041809082e+00
1.554159908012191045e+04 1.375648736953735352e+00
1.554212993573645326e+04 1.270108938217163086e+00
1.554377048952814221e+04 1.804168939590454102e+00
1.555265807222267358e+04 5.131279826164245605e-01
1.556594945712874323e+04 1.287203550338745117e+00
1.559319704607250242e+04 1.009271383285522461e+00
1.559353695362085455e+04 9.742780923843383789e-01
1.560284042316116393e+04 7.888576388359069824e-01
1.560628148722101287e+04 4.872797429561614990e-01
1.562170629179343268e+04 6.162914037704467773e-01
1.562670493219770105e+04 1.986009240150451660e+00
1.562738474729252812e+04 2.080822706222534180e+00
1.565187108714601345e+04 2.029709339141845703e+00
1.565347465098397879e+04 2.019603729248046875e+00
1.568930390553590405e+04 4.154705405235290527e-01
1.569822747833510766e+04 7.609953284263610840e-01
1.569900826596152910e+04 7.588954567909240723e-01
1.571559575416706684e+04 1.787313938140869141e+00
1.574075791002195547e+04 1.049716591835021973e+00
1.574897667449436813e+04 1.185843706130981445e+00
1.575553189145262149e+04 1.941595673561096191e+00
1.575651162496141296e+04 1.947127223014831543e+00
1.575885998619799284e+04 4.048708677291870117e-01
1.575959478632940045e+04 4.129285514354705811e-01
1.576581409465077741e+04 1.411976456642150879e+00
1.576943710917381395e+04 5.285998582839965820e-01
1.577531750967504559e+04 3.192972540855407715e-01
1.577683709633931903e+04 2.125929832458496094e+00
1.577879756308156539e+04 2.125984907150268555e+00
1.582631563781038494e+04 6.181527376174926758e-01
1.582897091554974759e+04 1.231129050254821777e+00
1.583683977514231628e+04 6.386600136756896973e-01
1.584775180695396921e+04 4.746007323265075684e-01
1.588843174149826154e+04 8.597522377967834473e-01
1.589213473423108371e+04 1.900071144104003906e+00
1.589351635840920426e+04 2.361770391464233398e+00
1.591041176260138491e+04 2.155559778213500977e+00
1.591273413088003690e+04 2.130174160003662109e+00
1.592484883547967365e+04 3.832217454910278320e-01
1.596814305864112248e+04 8.329233527183532715e-01
1.596834300425184665e+04 7.478600740432739258e-01
1.603689335697908064e+04 1.936072707176208496e+00
1.603853790961854611e+04 1.933738589286804199e+00
1.605274404517648691e+04 2.065776824951171875e+00
1.605548529948155556e+04 2.116800546646118164e+00
1.607534889603186275e+04 1.502542734146118164e+00
1.610884178496920322e+04 3.605980277061462402e-01
1.611404636915986339e+04 5.008519887924194336e-01
1.612391068575233476e+04 1.197414994239807129e+00
1.612451252203351214e+04 1.293352365493774414e+00
1.613688915518525573e+04 5.684466958045959473e-01
1.615073038990408531e+04 8.919237852096557617e-01
1.615524616145933396e+04 3.061969578266143799e-01
1.615730360176450085e+04 1.021247029304504395e+00
1.619016266292247383e+04 2.193762063980102539e+00
1.619212412933081578e+04 1.970609307289123535e+00
1.619700480160558800e+04 1.263823509216308594e+00
1.620409887175031326e+04 2.002206802368164062e+00
1.620717103600434712e+04 1.956091761589050293e+00
1.621376724158226534e+04 3.594055473804473877e-01
1.621663846049908534e+04 1.007261872291564941e+00
1.621709133729893620e+04 7.237297892570495605e-01
1.621835199435097093e+04 5.967298746109008789e-01
1.621900581648576554e+04 5.683324933052062988e-01
1.621971162447833740e+04 6.007749438285827637e-01
1.622036644634109689e+04 7.157222628593444824e-01
1.622454830870972728e+04 7.411183118820190430e-01
1.622495319856366405e+04 8.343284130096435547e-01
1.622555703429642381e+04 1.073977589607238770e+00
1.622611088362744340e+04 6.024434566497802734e-01
1.622948996438298855e+04 6.927907466888427734e-01
1.623039771743788879e+04 1.511075377464294434e+00
1.623140544329611839e+04 1.416038036346435547e+00
1.624083687756490508e+04 8.500932455062866211e-01
1.624129175382001631e+04 1.062799096107482910e+00
1.624189658928009339e+04 9.174100756645202637e-01
1.624855777716341254e+04 6.635113954544067383e-01
1.626562713358270048e+04 1.166771888732910156e+00
1.626613299596659999e+04 8.946707248687744141e-01
1.627502657653105416e+04 8.282644152641296387e-01
1.629754045176534055e+04 8.383060693740844727e-01
1.629814828640703672e+04 9.128969311714172363e-01
1.631081184134569412e+04 7.573174834251403809e-01
1.631131770372794199e+04 8.934856653213500977e-01
1.631248338660870104e+04 1.486076235771179199e+00
1.631293826286146214e+04 1.435060977935791016e+00
1.633053347614354243e+04 5.705686807632446289e-01
1.633702770940386472e+04 8.543342351913452148e-01
1.633758555764252924e+04 8.639572262763977051e-01
1.634616522356122550e+04 1.674753308296203613e+00
1.634748586428303679e+04 1.681736350059509277e+00
1.635220857947493460e+04 2.056088209152221680e+00
1.635459592999893539e+04 2.049727678298950195e+00
1.635576461206016211e+04 8.696364164352416992e-01
1.635607052883579490e+04 7.432437539100646973e-01
1.636460720643813329e+04 2.023293495178222656e+00
1.636811625180309238e+04 2.091490268707275391e+00
1.638373400298659726e+04 8.703420162200927734e-01
1.638424286455028050e+04 7.737207412719726562e-01
1.640150516831174536e+04 5.469915866851806641e-01
1.641022079720235706e+04 9.493036270141601562e-01
1.643746438547915750e+04 7.809933423995971680e-01
1.643782228811001914e+04 6.372623443603515625e-01
1.644277494071605906e+04 1.621782183647155762e+00
1.644476839838542219e+04 5.530041456222534180e-01
1.647114822158969037e+04 1.728851079940795898e+00
1.647283676221000496e+04 1.731533885002136230e+00
1.647457628895897142e+04 9.463341236114501953e-01
1.648471253131554840e+04 3.618625104427337646e-01
1.648671098761916073e+04 6.127700209617614746e-01
1.649792993540742464e+04 5.288518071174621582e-01
1.652352197283972055e+04 2.089794874191284180e+00
1.652624423221938196e+04 2.115920543670654297e+00
1.653456296901318274e+04 2.169832229614257812e+00
1.653856987888643562e+04 2.087427139282226562e+00
1.654930995691700446e+04 6.341866254806518555e-01
1.658126626276675597e+04 1.526981830596923828e+00
1.658229698234423267e+04 1.572149634361267090e+00
1.660546367948197803e+04 1.667363643646240234e+00
1.660750512407330098e+04 1.704855561256408691e+00
1.663518059447704218e+04 6.185831427574157715e-01
1.668781827333205729e+04 8.022946715354919434e-01
1.670436277202814745e+04 2.083922147750854492e+00
1.670752791087867445e+04 2.054979085922241211e+00
1.671438004659383660e+04 2.053813695907592773e+00
1.671889781742621562e+04 2.307597875595092773e+00
1.672840523070255949e+04 1.670283555984497070e+00
1.672980684935751560e+04 1.694786429405212402e+00
1.674925655756950073e+04 1.708999633789062500e+00
1.675050621756684268e+04 2.152431249618530273e+00
1.675170289198019600e+04 1.682937264442443848e+00
1.676336271961348029e+04 1.205461621284484863e+00
1.688450675862187563e+04 1.714095115661621094e+00
1.688628927362626200e+04 1.707340478897094727e+00
1.689515786061363542e+04 1.950980305671691895e+00
1.689877887538709547e+04 2.055090665817260742e+00
1.690271680393185670e+04 1.885527133941650391e+00
1.690429137551269378e+04 2.053280591964721680e+00
1.690565600421595445e+04 1.811350703239440918e+00
1.690928101789890934e+04 2.061907052993774414e+00
1.695045981364788167e+04 9.914435148239135742e-01
