1.5400611328e+04 3.8130569458e-01
1.5401271484e+04 3.8968306780e-01
1.5402980469e+04 3.4660583735e-01
1.5403490234e+04 2.7674853802e-01
1.5406790039e+04 3.7081170082e-01
1.5407299805e+04 5.7638156414e-01
1.5409159180e+04 5.7860541344e-01
1.5419446289e+04 5.8489692211e-01
1.5422355469e+04 5.8268451691e-01
1.5425625000e+04 3.6508083344e-01
1.5426284180e+04 3.4713554382e-01
1.5426974609e+04 2.2861289978e-01
1.5427484375e+04 4.8768293858e-01
1.5428383789e+04 4.9083006382e-01
1.5429463867e+04 3.0397254229e-01
1.5429703125e+04 2.3127722740e-01
1.5434291992e+04 3.6486536264e-01
1.5434832031e+04 3.5030823946e-01
1.5457595703e+04 3.9219892025e-01
1.5458225586e+04 3.8871043921e-01
1.5461344727e+04 2.1321946383e-01
1.5463804688e+04 2.8624325991e-01
1.5469772461e+04 3.7023603916e-01
1.5470222656e+04 3.8359481096e-01
1.5470492188e+04 2.4135118723e-01
1.5487708008e+04 2.1626734734e-01
1.5496345703e+04 3.6662560701e-01
1.5496915039e+04 3.7357026339e-01
1.5498984375e+04 2.1360290051e-01
1.5505312500e+04 4.9041283131e-01
1.5505762695e+04 4.9249762297e-01
1.5513470703e+04 3.6589777470e-01
1.5513800781e+04 3.4814137220e-01
1.5535455078e+04 5.1027297974e-01
1.5536714844e+04 5.1224112511e-01
1.5541663086e+04 3.3174914122e-01
1.5542142578e+04 3.2663232088e-01
1.5543762695e+04 4.9980086088e-01
1.5556119141e+04 2.3674434423e-01
1.5558008789e+04 5.6704837084e-01
1.5560257812e+04 5.7477086782e-01
1.5565836914e+04 3.3746033907e-01
1.5565986328e+04 3.4777623415e-01
1.5568775391e+04 5.7581651211e-01
1.5572075195e+04 5.6733429432e-01
1.5592049805e+04 2.0299506187e-01
1.5593189453e+04 3.3442771435e-01
1.5593579102e+04 3.3323061466e-01
1.5602846680e+04 3.2725256681e-01
1.5614663086e+04 2.2762954235e-01
1.5621651367e+04 2.4587804079e-01
1.5626689453e+04 5.3043127060e-01
1.5627410156e+04 5.3331851959e-01
1.5650563477e+04 2.6115238667e-01
1.5650773438e+04 2.6855599880e-01
1.5651913086e+04 5.2002143860e-01
1.5653472656e+04 5.2386337519e-01
1.5698160156e+04 2.3430812359e-01
1.5698340820e+04 2.4247455597e-01
1.5698970703e+04 3.1358361244e-01
