1.5400101562e+04 2.3635381460e-01
1.5400611328e+04 3.4087526798e-01
1.5401271484e+04 3.5909813643e-01
1.5401720703e+04 2.2163373232e-01
1.5403010742e+04 3.1143480539e-01
1.5403520508e+04 2.6555275917e-01
1.5406009766e+04 2.1982777119e-01
1.5406370117e+04 2.0545768738e-01
1.5406790039e+04 3.4515684843e-01
1.5407299805e+04 5.5276238918e-01
1.5408708984e+04 2.0348560810e-01
1.5409159180e+04 5.5774474144e-01
1.5419176758e+04 2.4735033512e-01
1.5419446289e+04 5.5337488651e-01
1.5422115234e+04 2.3188877106e-01
1.5422355469e+04 5.5478096008e-01
1.5425625000e+04 3.2012403011e-01
1.5426284180e+04 2.9301226139e-01
1.5427484375e+04 4.5251959562e-01
1.5428383789e+04 4.6310377121e-01
1.5429463867e+04 2.8279495239e-01
1.5429793945e+04 2.5337910652e-01
1.5431113281e+04 2.5476872921e-01
1.5431653320e+04 2.1978330612e-01
1.5434291992e+04 3.2361930609e-01
1.5434832031e+04 3.0072152615e-01
1.5436061523e+04 2.3453915119e-01
1.5457595703e+04 3.4836816788e-01
1.5458225586e+04 3.4311604500e-01
1.5461344727e+04 2.6219135523e-01
1.5463804688e+04 2.6558953524e-01
1.5469772461e+04 3.1346601248e-01
1.5470222656e+04 3.2854247093e-01
1.5470492188e+04 2.6657646894e-01
1.5487708008e+04 2.5094449520e-01
1.5496345703e+04 3.1083589792e-01
1.5496915039e+04 3.2654637098e-01
1.5498984375e+04 2.4594420195e-01
1.5503513672e+04 2.0183503628e-01
1.5505312500e+04 4.4053125381e-01
1.5505762695e+04 4.4346940517e-01
1.5513470703e+04 3.4113949537e-01
1.5513800781e+04 3.1250691414e-01
1.5515060547e+04 2.2087568045e-01
1.5525887695e+04 2.2268712521e-01
1.5532725586e+04 2.2895950079e-01
1.5535455078e+04 4.6818238497e-01
1.5536714844e+04 4.7272157669e-01
1.5541243164e+04 2.4902302027e-01
1.5541663086e+04 2.9332244396e-01
1.5542142578e+04 2.7798384428e-01
1.5543762695e+04 4.5514774323e-01
1.5552759766e+04 2.5054055452e-01
1.5554529297e+04 2.0370781422e-01
1.5558008789e+04 5.3565120697e-01
1.5560257812e+04 5.4941225052e-01
1.5565836914e+04 2.9150724411e-01
1.5565986328e+04 3.0639272928e-01
1.5567725586e+04 2.1923464537e-01
1.5568775391e+04 5.4682308435e-01
1.5572075195e+04 5.3778916597e-01
1.5577683594e+04 2.1102505922e-01
1.5592049805e+04 2.5276935101e-01
1.5593189453e+04 2.9952812195e-01
1.5593579102e+04 2.9565453529e-01
1.5602066406e+04 2.0888769627e-01
1.5602846680e+04 2.8905713558e-01
1.5605995117e+04 2.1505671740e-01
1.5614663086e+04 2.0704483986e-01
1.5621681641e+04 2.0625114441e-01
1.5626240234e+04 2.0065903664e-01
1.5626689453e+04 4.9093538523e-01
1.5627410156e+04 4.8554414511e-01
1.5646484375e+04 2.1612513065e-01
1.5650563477e+04 2.2471314669e-01
1.5650773438e+04 2.3470646143e-01
1.5651913086e+04 4.7590094805e-01
1.5653472656e+04 4.8119705915e-01
1.5678395508e+04 2.1913838387e-01
1.5681214844e+04 2.3265725374e-01
1.5685773438e+04 2.2015511990e-01
1.5698340820e+04 2.0322418213e-01
1.5698970703e+04 2.5952374935e-01
