1.5400101562e+04 2.8254598379e-01
1.5400611328e+04 2.9263502359e-01
1.5401300781e+04 3.3025377989e-01
1.5401720703e+04 2.6104384661e-01
1.5403010742e+04 2.7674067020e-01
1.5403520508e+04 2.6546603441e-01
1.5405500000e+04 2.0064860582e-01
1.5406009766e+04 2.6566547155e-01
1.5406370117e+04 2.4274599552e-01
1.5406790039e+04 3.1907284260e-01
1.5407299805e+04 5.0775861740e-01
1.5408708984e+04 2.3455983400e-01
1.5409159180e+04 5.1723802090e-01
1.5413267578e+04 2.0003038645e-01
1.5414708008e+04 2.2110861540e-01
1.5415367188e+04 2.1610212326e-01
1.5419176758e+04 2.9055428505e-01
1.5419446289e+04 5.2355074883e-01
1.5420375977e+04 2.4004161358e-01
1.5420765625e+04 2.9854702950e-01
1.5421335938e+04 2.3252725601e-01
1.5421786133e+04 2.2995334864e-01
1.5422085938e+04 2.7920484543e-01
1.5422355469e+04 5.1946747303e-01
1.5425625000e+04 2.6519763470e-01
1.5426284180e+04 2.2130107880e-01
1.5427484375e+04 3.9848977327e-01
1.5428383789e+04 4.1378808022e-01
1.5429463867e+04 2.4100738764e-01
1.5429793945e+04 2.8193807602e-01
1.5431113281e+04 3.0445808172e-01
1.5431653320e+04 2.8082895279e-01
1.5434291992e+04 2.7718847990e-01
1.5434832031e+04 2.3451524973e-01
1.5435402344e+04 2.0471847057e-01
1.5436061523e+04 2.9163223505e-01
1.5441250000e+04 2.2541260719e-01
1.5443679688e+04 2.2045147419e-01
1.5445239258e+04 2.0159190893e-01
1.5447668945e+04 2.5481581688e-01
1.5454626953e+04 2.0571112633e-01
1.5455976562e+04 2.2236567736e-01
1.5457595703e+04 3.0672538280e-01
1.5458225586e+04 2.9012620449e-01
1.5460504883e+04 2.0796859264e-01
1.5461344727e+04 3.0963909626e-01
1.5461644531e+04 2.1676665545e-01
1.5463774414e+04 2.2351950407e-01
1.5465933594e+04 2.2562676668e-01
1.5467643555e+04 2.1512979269e-01
1.5469772461e+04 2.5708013773e-01
1.5470222656e+04 2.9074347019e-01
1.5470492188e+04 3.2050871849e-01
1.5471032227e+04 2.2142922878e-01
1.5472622070e+04 2.4747508764e-01
1.5473041992e+04 2.9198455811e-01
1.5474181641e+04 2.6577597857e-01
1.5475531250e+04 2.1252107620e-01
1.5484138672e+04 2.0085656643e-01
1.5486148438e+04 2.2713369131e-01
1.5487708008e+04 2.9820489883e-01
1.5492656250e+04 2.0989930630e-01
1.5494696289e+04 2.0012366772e-01
1.5496345703e+04 2.8151482344e-01
1.5496915039e+04 3.1329190731e-01
1.5498084961e+04 2.0502662659e-01
1.5498474609e+04 2.1278601885e-01
1.5498684570e+04 2.4781364202e-01
1.5498984375e+04 3.0506461859e-01
1.5503093750e+04 2.2413218021e-01
1.5503513672e+04 2.3489356041e-01
1.5505312500e+04 3.7743097544e-01
1.5505762695e+04 3.8216376305e-01
1.5513500977e+04 3.0040675402e-01
1.5513800781e+04 2.5632768869e-01
1.5515060547e+04 2.6999872923e-01
1.5524958008e+04 2.3051255941e-01
1.5525887695e+04 2.6811826229e-01
1.5532725586e+04 2.8392207623e-01
1.5533205078e+04 2.0946305990e-01
1.5534434570e+04 2.2245913744e-01
1.5535455078e+04 4.1178047657e-01
1.5536714844e+04 4.1481018066e-01
1.5541243164e+04 3.0083656311e-01
1.5541422852e+04 2.2215032578e-01
1.5541663086e+04 2.4904531240e-01
1.5542142578e+04 2.1329867840e-01
1.5543762695e+04 4.1419720650e-01
1.5544722656e+04 2.0819306374e-01
1.5552759766e+04 3.1133019924e-01
1.5554529297e+04 2.3983240128e-01
1.5558008789e+04 4.9097931385e-01
1.5560227539e+04 5.0791937113e-01
1.5561368164e+04 2.1035432816e-01
1.5563407227e+04 2.0033848286e-01
1.5565956055e+04 2.5779092312e-01
1.5567725586e+04 2.4749451876e-01
1.5568775391e+04 4.9914848804e-01
1.5572075195e+04 4.8999762535e-01
1.5577683594e+04 2.4910598993e-01
1.5592049805e+04 2.8319299221e-01
1.5593189453e+04 2.2159105539e-01
1.5593579102e+04 2.1940422058e-01
1.5595528320e+04 2.0111709833e-01
1.5602066406e+04 2.6381766796e-01
1.5602846680e+04 2.5806564093e-01
1.5605995117e+04 2.5378388166e-01
1.5608455078e+04 2.1890020370e-01
1.5609774414e+04 2.0535606146e-01
1.5609894531e+04 2.3251110315e-01
1.5612593750e+04 2.3697632551e-01
1.5613853516e+04 2.5042283535e-01
1.5614663086e+04 2.1573746204e-01
1.5617182617e+04 2.1683979034e-01
1.5621201172e+04 2.0298212767e-01
1.5626209961e+04 2.4425840378e-01
1.5626689453e+04 4.5616823435e-01
1.5627410156e+04 4.5052170753e-01
1.5630978516e+04 2.6383894682e-01
1.5634488281e+04 2.1086090803e-01
1.5638776367e+04 2.1487754583e-01
1.5641715820e+04 2.2152650356e-01
1.5643515625e+04 2.0424807072e-01
1.5645224609e+04 2.0859962702e-01
1.5646484375e+04 2.6663303375e-01
1.5646754883e+04 2.2354882956e-01
1.5648223633e+04 2.0985192060e-01
1.5651913086e+04 3.9714342356e-01
1.5653472656e+04 4.1829675436e-01
1.5656322266e+04 2.0528882742e-01
1.5678395508e+04 2.2961866856e-01
1.5681214844e+04 2.7071464062e-01
1.5685773438e+04 2.5457060337e-01
1.5688382812e+04 2.1409565210e-01
1.5689132812e+04 2.3074972630e-01
1.5689283203e+04 2.3661822081e-01
1.5695491211e+04 2.2720777988e-01
1.5698970703e+04 2.2861635685e-01
