1.5400101562e+04 3.7284690142e-01
1.5400611328e+04 2.2683840990e-01
1.5401031250e+04 2.0396441221e-01
1.5401391602e+04 3.7802004814e-01
1.5401720703e+04 3.3844351768e-01
1.5403010742e+04 2.7395570278e-01
1.5403520508e+04 3.3302408457e-01
1.5404450195e+04 2.4228495359e-01
1.5404690430e+04 2.5904154778e-01
1.5404930664e+04 2.3133152723e-01
1.5405500000e+04 2.9442763329e-01
1.5406009766e+04 3.5296815634e-01
1.5406370117e+04 3.2859760523e-01
1.5406819336e+04 3.3907759190e-01
1.5407089844e+04 2.6506072283e-01
1.5407299805e+04 4.0395826101e-01
1.5407539062e+04 2.9792970419e-01
1.5408708984e+04 3.0780339241e-01
1.5409159180e+04 4.4313102961e-01
1.5409609375e+04 2.1710085869e-01
1.5411108398e+04 2.4726247787e-01
1.5413267578e+04 2.7685338259e-01
1.5414498047e+04 2.5032573938e-01
1.5414708008e+04 2.8683638573e-01
1.5415007812e+04 2.8301429749e-01
1.5415367188e+04 2.9853725433e-01
1.5416926758e+04 2.0440989733e-01
1.5417676758e+04 2.3048359156e-01
1.5417766602e+04 2.3078584671e-01
1.5419176758e+04 3.8517731428e-01
1.5419446289e+04 4.3109685183e-01
1.5420375977e+04 3.5765248537e-01
1.5420765625e+04 4.4375187159e-01
1.5421305664e+04 3.4430456161e-01
1.5421786133e+04 3.2585424185e-01
1.5422085938e+04 3.8046813011e-01
1.5422355469e+04 4.2639482021e-01
1.5423555664e+04 2.0039319992e-01
1.5425115234e+04 2.1336907148e-01
1.5427333984e+04 3.0509543419e-01
1.5427454102e+04 2.8993624449e-01
1.5428024414e+04 2.2382098436e-01
1.5428414062e+04 3.0031341314e-01
1.5429793945e+04 3.2800859213e-01
1.5431113281e+04 3.8916188478e-01
1.5431653320e+04 4.1133636236e-01
1.5433662109e+04 2.2401612997e-01
1.5433932617e+04 2.0139259100e-01
1.5434291992e+04 2.4654716253e-01
1.5434622070e+04 2.0350086689e-01
1.5435101562e+04 2.1393847466e-01
1.5435402344e+04 3.2107990980e-01
1.5436061523e+04 4.1734832525e-01
1.5436242188e+04 3.0313277245e-01
1.5437831055e+04 2.8208959103e-01
1.5438071289e+04 2.2502851486e-01
1.5438611328e+04 2.1175974607e-01
1.5438941406e+04 2.3755723238e-01
1.5441010742e+04 2.1068662405e-01
1.5441250000e+04 3.0471521616e-01
1.5442389648e+04 2.7908158302e-01
1.5443679688e+04 3.1886136532e-01
1.5444699219e+04 2.5750207901e-01
1.5444999023e+04 2.3354917765e-01
1.5445239258e+04 2.5617152452e-01
1.5445329102e+04 2.5827300549e-01
1.5446978516e+04 2.3190969229e-01
1.5447668945e+04 3.6258929968e-01
1.5449917969e+04 2.1918076277e-01
1.5454056641e+04 2.3945516348e-01
1.5454476562e+04 2.2803211212e-01
1.5454626953e+04 2.8811347485e-01
1.5455976562e+04 3.2567083836e-01
1.5457356445e+04 2.0772737265e-01
1.5457566406e+04 2.2840064764e-01
1.5457835938e+04 2.3956561089e-01
1.5460504883e+04 2.9726254940e-01
1.5461344727e+04 4.0309137106e-01
1.5461644531e+04 3.1153106689e-01
1.5462274414e+04 2.3932325840e-01
1.5462814453e+04 2.4767202139e-01
1.5463774414e+04 2.4720746279e-01
1.5464524414e+04 2.1341633797e-01
1.5465933594e+04 3.2278400660e-01
1.5466713867e+04 2.7339750528e-01
1.5467073242e+04 2.0153141022e-01
1.5467643555e+04 2.8281342983e-01
1.5469292969e+04 2.3761147261e-01
1.5470222656e+04 2.3497563601e-01
1.5470492188e+04 4.1461914778e-01
1.5471001953e+04 2.8950935602e-01
1.5471812500e+04 2.5562459230e-01
1.5472622070e+04 3.7025052309e-01
1.5473041992e+04 3.8514465094e-01
1.5473401367e+04 2.2106015682e-01
1.5473582031e+04 2.3719823360e-01
1.5474181641e+04 3.3501052856e-01
1.5474601562e+04 2.3205560446e-01
1.5475531250e+04 2.8428494930e-01
1.5475741211e+04 2.0975279808e-01
1.5477270508e+04 2.5526672602e-01
1.5477959961e+04 2.8943723440e-01
1.5479459961e+04 2.2446650267e-01
1.5479820312e+04 2.6783943176e-01
1.5480000000e+04 2.5100916624e-01
1.5483478516e+04 2.3541873693e-01
1.5484138672e+04 2.6854050159e-01
1.5484858398e+04 2.3514389992e-01
1.5485818359e+04 2.1029400826e-01
1.5485967773e+04 2.2699427605e-01
1.5486148438e+04 3.0151939392e-01
1.5487708008e+04 4.1165310144e-01
1.5488637695e+04 2.0763278008e-01
1.5489657227e+04 2.3247337341e-01
1.5490527344e+04 2.4378257990e-01
1.5491396484e+04 2.3124414682e-01
1.5492656250e+04 2.7752178907e-01
1.5494696289e+04 3.0794143677e-01
1.5496495117e+04 2.1303325891e-01
1.5496884766e+04 2.6177161932e-01
1.5498084961e+04 2.7155637741e-01
1.5498474609e+04 2.9741841555e-01
1.5498684570e+04 3.3713442087e-01
1.5498984375e+04 3.9459270239e-01
1.5499344727e+04 2.2610956430e-01
1.5499584961e+04 2.4540984631e-01
1.5500784180e+04 2.8255200386e-01
1.5501654297e+04 2.4210965633e-01
1.5501833984e+04 2.0059531927e-01
1.5503093750e+04 3.0941867828e-01
1.5503513672e+04 3.1392061710e-01
1.5505283203e+04 2.4248158932e-01
1.5505792969e+04 2.5306349993e-01
1.5506542969e+04 2.1307027340e-01
1.5506722656e+04 2.3530006409e-01
1.5507772461e+04 2.3119467497e-01
1.5512901367e+04 2.3231363297e-01
1.5513500977e+04 2.6999443769e-01
1.5514340820e+04 2.6471930742e-01
1.5515060547e+04 3.8332176208e-01
1.5516830078e+04 2.0882511139e-01
1.5519319336e+04 2.1529650688e-01
1.5521568359e+04 2.1681636572e-01
1.5523967773e+04 2.6509249210e-01
1.5524177734e+04 2.0052945614e-01
1.5524958008e+04 3.1711888313e-01
1.5525887695e+04 3.6847829819e-01
1.5528707031e+04 2.2372996807e-01
1.5529755859e+04 2.4477511644e-01
1.5530566406e+04 2.5437206030e-01
1.5531076172e+04 2.1291589737e-01
1.5532725586e+04 3.4881097078e-01
1.5533205078e+04 2.7062928677e-01
1.5533985352e+04 2.2395056486e-01
1.5534434570e+04 3.0013597012e-01
1.5535035156e+04 2.4705177546e-01
1.5535455078e+04 2.9092091322e-01
1.5536414062e+04 2.0580387115e-01
1.5536684570e+04 2.7958172560e-01
1.5541243164e+04 3.6736363173e-01
1.5541422852e+04 2.8785121441e-01
1.5541842773e+04 2.4260562658e-01
1.5543762695e+04 3.4157574177e-01
1.5543972656e+04 2.0875018835e-01
1.5544722656e+04 2.3790127039e-01
1.5552280273e+04 2.5232684612e-01
1.5552429688e+04 2.8023785353e-01
1.5552759766e+04 4.2268395424e-01
1.5553899414e+04 2.6997089386e-01
1.5554319336e+04 2.1295267344e-01
1.5554529297e+04 3.1597065926e-01
1.5555579102e+04 2.5475299358e-01
1.5558008789e+04 3.7531697750e-01
1.5558249023e+04 3.5137629509e-01
1.5559898438e+04 2.4409872293e-01
1.5560227539e+04 4.1210728884e-01
1.5561368164e+04 2.7280825377e-01
1.5561787109e+04 2.3698168993e-01
1.5562117188e+04 2.0892125368e-01
1.5563437500e+04 2.9160827398e-01
1.5565956055e+04 2.0603811741e-01
1.5567725586e+04 2.9828828573e-01
1.5567996094e+04 2.5965374708e-01
1.5568775391e+04 3.9137470722e-01
1.5570964844e+04 2.5138467550e-01
1.5572075195e+04 3.9493578672e-01
1.5572764648e+04 2.5453084707e-01
1.5572884766e+04 2.7829092741e-01
1.5575733398e+04 2.0625597239e-01
1.5576903320e+04 2.1987378597e-01
1.5577683594e+04 3.1938248873e-01
1.5578672852e+04 2.1586185694e-01
1.5582091797e+04 2.3978972435e-01
1.5582751953e+04 2.0474076271e-01
1.5582931641e+04 2.0231246948e-01
1.5584221680e+04 2.4661719799e-01
1.5585871094e+04 2.1628451347e-01
1.5588180664e+04 2.0188146830e-01
1.5592049805e+04 3.5277330875e-01
1.5595528320e+04 2.4824082851e-01
1.5597208008e+04 2.0786374807e-01
1.5597658203e+04 2.4987709522e-01
1.5598407227e+04 2.4933445454e-01
1.5599787109e+04 3.1261944771e-01
1.5601646484e+04 2.0300459862e-01
1.5602066406e+04 3.6820530891e-01
1.5602846680e+04 2.3430323601e-01
1.5604406250e+04 2.4225783348e-01
1.5605995117e+04 3.1858980656e-01
1.5606445312e+04 2.0605552197e-01
1.5607315430e+04 2.1631276608e-01
1.5608214844e+04 2.6258462667e-01
1.5608455078e+04 2.7044343948e-01
1.5609774414e+04 2.4866485596e-01
1.5609894531e+04 3.0743491650e-01
1.5610974609e+04 2.5183176994e-01
1.5612593750e+04 3.2153284550e-01
1.5613853516e+04 3.1958562136e-01
1.5614632812e+04 2.2324591875e-01
1.5616192383e+04 2.3640358448e-01
1.5617182617e+04 2.9172199965e-01
1.5621201172e+04 2.5879436731e-01
1.5623151367e+04 2.2869908810e-01
1.5623720703e+04 2.3820197582e-01
1.5624410156e+04 2.5325971842e-01
1.5626209961e+04 3.2090157270e-01
1.5626660156e+04 3.9604139328e-01
1.5627410156e+04 3.3232259750e-01
1.5628099609e+04 2.2519946098e-01
1.5628219727e+04 2.6686578989e-01
1.5628939453e+04 2.1799027920e-01
1.5630978516e+04 3.4914278984e-01
1.5632088867e+04 2.1482896805e-01
1.5633887695e+04 2.5363880396e-01
1.5634458008e+04 3.4226334095e-01
1.5634998047e+04 2.7944749594e-01
1.5636586914e+04 2.4534934759e-01
1.5638806641e+04 2.8507852554e-01
1.5640906250e+04 2.3005008698e-01
1.5641715820e+04 2.9038763046e-01
1.5643515625e+04 2.9221808910e-01
1.5645224609e+04 2.6985156536e-01
1.5645705078e+04 2.0580345392e-01
1.5646484375e+04 3.3682906628e-01
1.5646754883e+04 2.5137460232e-01
1.5647324219e+04 2.4122351408e-01
1.5647564453e+04 2.2090190649e-01
1.5647713867e+04 2.2079080343e-01
1.5648223633e+04 2.5734400749e-01
1.5648463867e+04 2.1701884270e-01
1.5651882812e+04 2.4202048779e-01
1.5652422852e+04 2.6556205750e-01
1.5653472656e+04 3.2210528851e-01
1.5656322266e+04 3.1244826317e-01
1.5661120117e+04 2.3353481293e-01
1.5664479492e+04 2.3086553812e-01
1.5668168945e+04 2.7052223682e-01
1.5668798828e+04 2.3168355227e-01
1.5673597656e+04 2.4951606989e-01
1.5673987305e+04 2.7439862490e-01
1.5674586914e+04 2.1676206589e-01
1.5676026367e+04 2.1293336153e-01
1.5677646484e+04 2.1568971872e-01
1.5677916016e+04 2.3439860344e-01
1.5678395508e+04 2.9931277037e-01
1.5679385742e+04 2.0738387108e-01
1.5681214844e+04 3.5525691509e-01
1.5681665039e+04 2.5193846226e-01
1.5685773438e+04 3.6187565327e-01
1.5688382812e+04 2.7048486471e-01
1.5689132812e+04 3.0293720961e-01
1.5689283203e+04 2.8144681454e-01
1.5691082031e+04 2.2705167532e-01
1.5691382812e+04 2.0701575279e-01
1.5692402344e+04 2.0721960068e-01
1.5692671875e+04 2.1474778652e-01
1.5695491211e+04 3.1775641441e-01
1.5697081055e+04 2.0081949234e-01
1.5698700195e+04 2.2162759304e-01
