1.5400101562e+04 4.5021587610e-01
1.5400611328e+04 2.3776948452e-01
1.5401031250e+04 2.3748785257e-01
1.5401391602e+04 4.4232869148e-01
1.5401720703e+04 4.0284091234e-01
1.5402321289e+04 2.1927338839e-01
1.5403010742e+04 3.0764907598e-01
1.5403520508e+04 4.2589980364e-01
1.5404209961e+04 2.4262684584e-01
1.5404450195e+04 3.0144351721e-01
1.5404690430e+04 3.1128507853e-01
1.5404900391e+04 2.6004850864e-01
1.5405500000e+04 3.8433378935e-01
1.5405830078e+04 2.1250611544e-01
1.5406009766e+04 4.2309623957e-01
1.5406370117e+04 3.9819824696e-01
1.5406819336e+04 4.1057825089e-01
1.5407089844e+04 2.9028761387e-01
1.5407299805e+04 3.1933188438e-01
1.5407539062e+04 3.3368158340e-01
1.5408349609e+04 2.4232536554e-01
1.5408739258e+04 3.6964905262e-01
1.5409159180e+04 4.0556633472e-01
1.5409579102e+04 2.5704818964e-01
1.5411108398e+04 3.0212372541e-01
1.5413057617e+04 2.1808940172e-01
1.5413267578e+04 3.4383255243e-01
1.5414498047e+04 3.4266191721e-01
1.5414708008e+04 3.3949530125e-01
1.5415007812e+04 3.6280781031e-01
1.5415367188e+04 3.6533671618e-01
1.5415847656e+04 2.2121489048e-01
1.5416926758e+04 2.7021467686e-01
1.5417766602e+04 2.8948026896e-01
1.5419176758e+04 4.7086930275e-01
1.5419476562e+04 3.4740132093e-01
1.5420406250e+04 4.6157157421e-01
1.5420765625e+04 5.6838643551e-01
1.5421065430e+04 2.0829612017e-01
1.5421305664e+04 4.4060528278e-01
1.5421786133e+04 3.9672362804e-01
1.5422085938e+04 4.7141993046e-01
1.5422355469e+04 3.4487801790e-01
1.5422595703e+04 2.4030435085e-01
1.5423555664e+04 2.5138854980e-01
1.5424514648e+04 2.2829407454e-01
1.5424785156e+04 2.0230120420e-01
1.5425115234e+04 2.8194218874e-01
1.5425654297e+04 2.4185740948e-01
1.5426974609e+04 2.3159980774e-01
1.5427333984e+04 4.1107243299e-01
1.5428024414e+04 3.4462088346e-01
1.5428414062e+04 3.7423133850e-01
1.5428893555e+04 2.8930562735e-01
1.5429103516e+04 3.0620843172e-01
1.5429403320e+04 2.8447324038e-01
1.5429793945e+04 4.5934855938e-01
1.5431113281e+04 5.0506758690e-01
1.5431653320e+04 5.5084264278e-01
1.5433662109e+04 2.7475005388e-01
1.5433961914e+04 2.1656811237e-01
1.5434291992e+04 2.5414079428e-01
1.5434591797e+04 2.1074104309e-01
1.5435101562e+04 2.4393135309e-01
1.5435402344e+04 4.3322640657e-01
1.5436061523e+04 5.3620547056e-01
1.5436242188e+04 4.0592908859e-01
1.5437621094e+04 2.1969270706e-01
1.5437831055e+04 3.7585264444e-01
1.5438071289e+04 3.0133605003e-01
1.5438611328e+04 2.6462256908e-01
1.5438941406e+04 2.6626843214e-01
1.5439571289e+04 2.5743883848e-01
1.5439900391e+04 2.1702575684e-01
1.5441010742e+04 2.5164330006e-01
1.5441250000e+04 3.5863351822e-01
1.5442389648e+04 3.4083002806e-01
1.5443679688e+04 4.0407419205e-01
1.5444129883e+04 2.7763438225e-01
1.5444669922e+04 3.1856024265e-01
1.5444999023e+04 2.8734052181e-01
1.5445239258e+04 3.0190712214e-01
1.5445329102e+04 3.1328082085e-01
1.5446978516e+04 3.0316370726e-01
1.5447668945e+04 4.4772809744e-01
1.5448627930e+04 2.2543871403e-01
1.5448808594e+04 2.2181242704e-01
1.5449917969e+04 2.5832605362e-01
1.5454086914e+04 2.8184384108e-01
1.5454476562e+04 2.9879319668e-01
1.5454626953e+04 3.5719466209e-01
1.5455046875e+04 2.3886102438e-01
1.5455976562e+04 4.1961920261e-01
1.5457085938e+04 2.1696382761e-01
1.5457356445e+04 2.4187797308e-01
1.5457566406e+04 2.5295424461e-01
1.5457835938e+04 2.8695505857e-01
1.5460504883e+04 3.6006188393e-01
1.5461344727e+04 4.8178374767e-01
1.5461644531e+04 4.0315955877e-01
1.5462274414e+04 2.8190892935e-01
1.5462814453e+04 2.9110890627e-01
1.5463774414e+04 2.5947022438e-01
1.5463984375e+04 2.1293407679e-01
1.5464524414e+04 2.5520575047e-01
1.5465244141e+04 2.1148234606e-01
1.5465933594e+04 4.0297311544e-01
1.5466533203e+04 2.0410448313e-01
1.5466713867e+04 3.4768474102e-01
1.5467073242e+04 2.5175881386e-01
1.5467643555e+04 3.2480466366e-01
1.5468302734e+04 2.2885555029e-01
1.5469292969e+04 2.8942602873e-01
1.5470222656e+04 2.6718014479e-01
1.5470492188e+04 5.0406175852e-01
1.5471001953e+04 3.5252183676e-01
1.5471812500e+04 3.3165693283e-01
1.5472622070e+04 4.9115318060e-01
1.5473041992e+04 4.7832137346e-01
1.5473401367e+04 2.8564780951e-01
1.5473582031e+04 2.8432500362e-01
1.5474181641e+04 4.0316534042e-01
1.5474601562e+04 2.8431946039e-01
1.5474960938e+04 2.0109564066e-01
1.5475260742e+04 2.2131353617e-01
1.5475531250e+04 3.6231362820e-01
1.5475741211e+04 2.4357521534e-01
1.5477000977e+04 2.3575651646e-01
1.5477270508e+04 3.0976963043e-01
1.5477959961e+04 3.4623712301e-01
1.5478440430e+04 2.3358142376e-01
1.5479459961e+04 2.7172684669e-01
1.5479820312e+04 3.3105361462e-01
1.5480000000e+04 3.0001962185e-01
1.5481799805e+04 2.4303919077e-01
1.5482699219e+04 2.0645231009e-01
1.5483478516e+04 2.9396921396e-01
1.5484138672e+04 3.1629437208e-01
1.5484858398e+04 2.9142904282e-01
1.5485518555e+04 2.2665953636e-01
1.5485788086e+04 2.6043814421e-01
1.5485967773e+04 2.5614869595e-01
1.5486148438e+04 3.6515551805e-01
1.5487708008e+04 4.9386858940e-01
1.5488637695e+04 2.7050793171e-01
1.5488907227e+04 2.0909732580e-01
1.5489657227e+04 2.7778440714e-01
1.5490527344e+04 2.9879915714e-01
1.5491396484e+04 3.0824613571e-01
1.5492656250e+04 3.3250522614e-01
1.5494696289e+04 4.0081685781e-01
1.5496884766e+04 2.4226570129e-01
1.5496975586e+04 2.4192845821e-01
1.5498084961e+04 3.1323927641e-01
1.5498474609e+04 3.4345287085e-01
1.5498684570e+04 3.9522790909e-01
1.5498984375e+04 4.6007281542e-01
1.5499344727e+04 2.7372646332e-01
1.5499584961e+04 2.9796171188e-01
1.5500784180e+04 4.0456199646e-01
1.5501654297e+04 3.1718587875e-01
1.5501833984e+04 2.5023967028e-01
1.5503093750e+04 3.9568525553e-01
1.5503513672e+04 4.1664975882e-01
1.5503873047e+04 2.0800364017e-01
1.5504683594e+04 2.0700788498e-01
1.5505252930e+04 2.5671124458e-01
1.5505583008e+04 2.1290850639e-01
1.5505823242e+04 2.5543802977e-01
1.5506542969e+04 2.9942029715e-01
1.5506722656e+04 2.7849161625e-01
1.5507772461e+04 2.7778679132e-01
1.5508131836e+04 2.2535765171e-01
1.5511071289e+04 2.2702831030e-01
1.5512901367e+04 3.0430907011e-01
1.5513081055e+04 2.1483188868e-01
1.5513530273e+04 3.5401594639e-01
1.5513831055e+04 2.0520687103e-01
1.5514340820e+04 3.9227437973e-01
1.5515060547e+04 5.3443920612e-01
1.5516649414e+04 2.1757495403e-01
1.5516830078e+04 2.7788752317e-01
1.5517729492e+04 2.0278698206e-01
1.5519289062e+04 2.6115185022e-01
1.5519768555e+04 2.2681850195e-01
1.5520279297e+04 2.3310774565e-01
1.5521598633e+04 2.7510213852e-01
1.5522468750e+04 2.1083974838e-01
1.5523217773e+04 2.3749083281e-01
1.5523967773e+04 3.5123515129e-01
1.5524177734e+04 2.7239930630e-01
1.5524748047e+04 2.6432234049e-01
1.5524958008e+04 4.2024195194e-01
1.5525887695e+04 4.8173224926e-01
1.5527416992e+04 2.3563367128e-01
1.5527686523e+04 2.2646790743e-01
1.5528226562e+04 2.0781338215e-01
1.5528436523e+04 2.1255940199e-01
1.5528707031e+04 2.5300824642e-01
1.5529755859e+04 2.9861223698e-01
1.5530566406e+04 3.2093465328e-01
1.5531076172e+04 2.3614597321e-01
1.5532725586e+04 4.1781824827e-01
1.5533205078e+04 3.3187502623e-01
1.5533985352e+04 2.6560109854e-01
1.5534434570e+04 3.4208810329e-01
1.5535035156e+04 2.6689809561e-01
1.5536414062e+04 2.0668816566e-01
1.5538484375e+04 2.1923428774e-01
1.5539983398e+04 2.0170646906e-01
1.5541243164e+04 4.2418980598e-01
1.5541422852e+04 3.4794986248e-01
1.5541842773e+04 3.0988842249e-01
1.5542712891e+04 2.6406544447e-01
1.5543762695e+04 2.8284436464e-01
1.5544001953e+04 2.7455389500e-01
1.5544722656e+04 2.7316117287e-01
1.5545591797e+04 2.3295664787e-01
1.5546582031e+04 2.2237384319e-01
1.5549281250e+04 2.2191435099e-01
1.5549550781e+04 2.1270358562e-01
1.5551740234e+04 2.3922669888e-01
1.5552280273e+04 3.1416893005e-01
1.5552429688e+04 3.6223304272e-01
1.5552759766e+04 5.2846795321e-01
1.5553929688e+04 3.3570873737e-01
1.5554319336e+04 2.5666707754e-01
1.5554529297e+04 3.8011974096e-01
1.5555579102e+04 3.0114340782e-01
1.5558039062e+04 2.8856116533e-01
1.5558249023e+04 4.3867003918e-01
1.5558758789e+04 2.4585235119e-01
1.5559898438e+04 3.0960839987e-01
1.5560198242e+04 3.5109370947e-01
1.5561368164e+04 3.1624788046e-01
1.5561787109e+04 2.8860259056e-01
1.5562117188e+04 2.2984552383e-01
1.5563437500e+04 3.5827684402e-01
1.5567725586e+04 3.5651522875e-01
1.5567996094e+04 3.8350224495e-01
1.5568746094e+04 3.7600713968e-01
1.5569525391e+04 2.7061396837e-01
1.5570964844e+04 3.0263149738e-01
1.5572075195e+04 3.3874088526e-01
1.5572734375e+04 3.5288161039e-01
1.5572884766e+04 3.7377011776e-01
1.5573304688e+04 2.0944923162e-01
1.5575733398e+04 2.7103954554e-01
1.5576633789e+04 2.4287706614e-01
1.5576903320e+04 2.5468283892e-01
1.5577683594e+04 3.8435429335e-01
1.5578672852e+04 2.6092571020e-01
1.5582091797e+04 3.0531835556e-01
1.5582751953e+04 2.7261054516e-01
1.5582931641e+04 2.3694562912e-01
1.5584221680e+04 2.8749680519e-01
1.5585451172e+04 2.2335988283e-01
1.5585871094e+04 2.7926957607e-01
1.5588180664e+04 2.4043041468e-01
1.5588300781e+04 2.2060596943e-01
1.5590459961e+04 2.2444564104e-01
1.5592049805e+04 4.3838566542e-01
1.5592529297e+04 2.1187907457e-01
1.5595528320e+04 2.6863658428e-01
1.5596217773e+04 2.2121560574e-01
1.5596337891e+04 2.3716801405e-01
1.5597208008e+04 2.1650999784e-01
1.5597658203e+04 2.8621304035e-01
1.5598407227e+04 2.9324692488e-01
1.5599787109e+04 4.2266649008e-01
1.5600747070e+04 2.4885791540e-01
1.5601646484e+04 2.4371314049e-01
1.5602066406e+04 4.5756280422e-01
1.5602846680e+04 2.4299407005e-01
1.5602936523e+04 2.4594116211e-01
1.5604406250e+04 3.1519705057e-01
1.5605065430e+04 2.0493584871e-01
1.5605995117e+04 3.6997956038e-01
1.5606445312e+04 2.6196342707e-01
1.5606745117e+04 2.3837018013e-01
1.5607315430e+04 2.5420749187e-01
1.5608214844e+04 3.3948165178e-01
1.5608455078e+04 3.0548685789e-01
1.5609504883e+04 2.0049154758e-01
1.5609774414e+04 2.8254783154e-01
1.5609894531e+04 3.5432225466e-01
1.5610974609e+04 3.0476951599e-01
1.5612593750e+04 3.7957620621e-01
1.5613343750e+04 2.1691375971e-01
1.5613553711e+04 2.1757560968e-01
1.5613853516e+04 3.6794173717e-01
1.5614632812e+04 2.4933630228e-01
1.5616192383e+04 2.6206386089e-01
1.5616342773e+04 2.0874065161e-01
1.5616942383e+04 2.4177682400e-01
1.5617182617e+04 3.4322816133e-01
1.5619731445e+04 2.3790913820e-01
1.5620271484e+04 2.0758044720e-01
1.5621201172e+04 3.4657698870e-01
1.5621681641e+04 2.6892739534e-01
1.5621891602e+04 2.2135281563e-01
1.5623151367e+04 2.6645839214e-01
1.5623720703e+04 2.7569639683e-01
1.5624410156e+04 3.3392995596e-01
1.5624980469e+04 2.4517703056e-01
1.5626209961e+04 3.8009732962e-01
1.5626629883e+04 4.3058693409e-01
1.5627290039e+04 2.8944641352e-01
1.5627410156e+04 2.6632910967e-01
1.5628099609e+04 2.1924042702e-01
1.5628219727e+04 2.7705597878e-01
1.5630978516e+04 3.8819223642e-01
1.5632088867e+04 2.3927205801e-01
1.5633078125e+04 2.0964801311e-01
1.5633917969e+04 3.2767677307e-01
1.5634458008e+04 4.6159636974e-01
1.5634998047e+04 3.8127291203e-01
1.5635837891e+04 2.2577714920e-01
1.5636047852e+04 2.4401682615e-01
1.5636586914e+04 3.0697917938e-01
1.5637426758e+04 2.6583832502e-01
1.5638806641e+04 3.5450720787e-01
1.5639886719e+04 2.0024710894e-01
1.5640906250e+04 2.7482116222e-01
1.5641715820e+04 3.5075050592e-01
1.5642795898e+04 2.2489625216e-01
1.5643185547e+04 2.4209421873e-01
1.5643515625e+04 3.7315106392e-01
1.5644775391e+04 2.3111146688e-01
1.5645224609e+04 3.4323120117e-01
1.5645705078e+04 2.8647387028e-01
1.5646484375e+04 4.3361532688e-01
1.5646754883e+04 3.0992001295e-01
1.5647324219e+04 3.2116031647e-01
1.5647534180e+04 3.0361402035e-01
1.5647684570e+04 2.8548318148e-01
1.5648223633e+04 3.1213378906e-01
1.5648463867e+04 2.5357079506e-01
1.5651672852e+04 2.2785758972e-01
1.5652422852e+04 3.2899183035e-01
1.5652783203e+04 2.0983135700e-01
1.5653502930e+04 2.9044449329e-01
1.5654042969e+04 2.1506434679e-01
1.5655572266e+04 2.2170251608e-01
1.5655841797e+04 2.3233771324e-01
1.5656322266e+04 4.4475078583e-01
1.5657191406e+04 2.2710615396e-01
1.5658481445e+04 2.5786250830e-01
1.5658901367e+04 2.0644700527e-01
1.5661120117e+04 2.8629857302e-01
1.5662560547e+04 2.2883069515e-01
1.5664479492e+04 2.7394068241e-01
1.5668168945e+04 3.3758413792e-01
1.5668828125e+04 3.0451482534e-01
1.5669188477e+04 2.1202123165e-01
1.5672217773e+04 2.0711618662e-01
1.5673597656e+04 3.1884765625e-01
1.5673987305e+04 3.3605134487e-01
1.5674586914e+04 2.4587219954e-01
1.5676056641e+04 2.4985212088e-01
1.5677646484e+04 2.5242346525e-01
1.5677916016e+04 2.8465652466e-01
1.5678395508e+04 3.5340505838e-01
1.5679385742e+04 2.3657202721e-01
1.5681214844e+04 4.1983503103e-01
1.5681665039e+04 2.9329353571e-01
1.5683224609e+04 2.2461581230e-01
1.5684034180e+04 2.3200315237e-01
1.5685143555e+04 2.2155600786e-01
1.5685773438e+04 4.5056641102e-01
1.5686733398e+04 2.3387765884e-01
1.5688353516e+04 3.1670504808e-01
1.5689132812e+04 3.7644213438e-01
1.5691082031e+04 2.7587771416e-01
1.5691382812e+04 2.2829294205e-01
1.5692402344e+04 2.5970447063e-01
1.5692671875e+04 2.6864463091e-01
1.5693061523e+04 2.3775082827e-01
1.5693332031e+04 2.4749988317e-01
1.5694861328e+04 2.0808762312e-01
1.5695011719e+04 2.7279120684e-01
1.5695491211e+04 4.2863613367e-01
1.5696571289e+04 2.1110320091e-01
1.5696720703e+04 2.2462826967e-01
1.5697081055e+04 2.6046890020e-01
1.5697291016e+04 2.2890889645e-01
1.5698430664e+04 2.0217186213e-01
1.5698700195e+04 2.8994536400e-01
1.5699629883e+04 2.4096393585e-01
1.5699809570e+04 2.3010939360e-01
